Discriminant: all five squarefreeness/coprimality certificates PASS.
Matrices use exact fractions; modular prime = 1000003
epsilon=(1, 1, 1): 75x54, exact canonical kernel PASS, rank mod p = 53, minor determinant mod p = 619702
  minor rows (1-based): [1, 2, 4, 13, 17, 22, 31, 32, 35, 39, 46, 47, 50, 54, 61, 62, 65, 69, 19, 20, 21, 23, 33, 36, 40, 48, 51, 55, 63, 66, 70, 34, 9, 38, 12, 49, 53, 16, 64, 68, 18, 42, 11, 52, 14, 56, 67, 41, 24, 37, 28, 57, 72]
  minor columns (1-based): [1, 2, 3, 4, 5, 6, 7, 8, 9, 10, 11, 12, 13, 14, 15, 16, 17, 18, 20, 21, 22, 23, 24, 25, 26, 27, 28, 29, 30, 31, 32, 33, 34, 35, 36, 37, 38, 39, 40, 41, 42, 43, 44, 45, 46, 47, 48, 49, 50, 51, 52, 53, 54]
epsilon=(1, 1, 2): 75x54, exact canonical kernel PASS, rank mod p = 53, minor determinant mod p = 782495
  minor rows (1-based): [1, 2, 4, 13, 17, 22, 31, 32, 35, 39, 46, 47, 50, 54, 61, 62, 69, 74, 19, 20, 21, 23, 33, 36, 40, 48, 51, 55, 63, 68, 73, 34, 9, 38, 12, 49, 53, 16, 65, 72, 18, 42, 11, 52, 14, 56, 67, 41, 24, 37, 28, 57, 71]
  minor columns (1-based): [1, 2, 3, 4, 5, 6, 7, 8, 9, 10, 11, 12, 13, 14, 15, 16, 17, 18, 20, 21, 22, 23, 24, 25, 26, 27, 28, 29, 30, 31, 32, 33, 34, 35, 36, 37, 38, 39, 40, 41, 42, 43, 44, 45, 46, 47, 48, 49, 50, 51, 52, 53, 54]
epsilon=(1, 2, 1): 75x54, exact canonical kernel PASS, rank mod p = 53, minor determinant mod p = 905108
  minor rows (1-based): [1, 2, 4, 13, 17, 22, 31, 32, 35, 39, 46, 47, 54, 59, 61, 62, 65, 69, 19, 20, 21, 23, 33, 36, 40, 48, 53, 58, 63, 66, 70, 34, 9, 38, 12, 50, 57, 16, 64, 68, 18, 42, 11, 52, 14, 60, 67, 41, 24, 56, 37, 28, 71]
  minor columns (1-based): [1, 2, 3, 4, 5, 6, 7, 8, 9, 10, 11, 12, 13, 14, 15, 16, 17, 18, 20, 21, 22, 23, 24, 25, 26, 27, 28, 29, 30, 31, 32, 33, 34, 35, 36, 37, 38, 39, 40, 41, 42, 43, 44, 45, 46, 47, 48, 49, 50, 51, 52, 53, 54]
epsilon=(1, 2, 2): 75x54, exact canonical kernel PASS, rank mod p = 53, minor determinant mod p = 626049
  minor rows (1-based): [1, 2, 4, 13, 17, 22, 31, 32, 35, 39, 46, 47, 54, 59, 61, 62, 69, 74, 19, 20, 21, 23, 33, 36, 40, 48, 53, 58, 63, 68, 73, 34, 9, 38, 12, 50, 57, 16, 65, 72, 18, 42, 11, 52, 14, 60, 67, 41, 24, 56, 37, 28, 71]
  minor columns (1-based): [1, 2, 3, 4, 5, 6, 7, 8, 9, 10, 11, 12, 13, 14, 15, 16, 17, 18, 20, 21, 22, 23, 24, 25, 26, 27, 28, 29, 30, 31, 32, 33, 34, 35, 36, 37, 38, 39, 40, 41, 42, 43, 44, 45, 46, 47, 48, 49, 50, 51, 52, 53, 54]
epsilon=(2, 1, 1): 75x54, exact canonical kernel PASS, rank mod p = 53, minor determinant mod p = 905312
  minor rows (1-based): [1, 2, 4, 13, 17, 22, 31, 32, 39, 44, 46, 47, 50, 54, 61, 62, 65, 69, 19, 20, 21, 23, 33, 38, 43, 48, 51, 55, 63, 66, 70, 35, 9, 42, 12, 49, 53, 16, 64, 68, 18, 45, 11, 52, 37, 14, 56, 67, 28, 57, 24, 41, 71]
  minor columns (1-based): [1, 2, 3, 4, 5, 6, 7, 8, 9, 10, 11, 12, 13, 14, 15, 16, 17, 18, 20, 21, 22, 23, 24, 25, 26, 27, 28, 29, 30, 31, 32, 33, 34, 35, 36, 37, 38, 39, 40, 41, 42, 43, 44, 45, 46, 47, 48, 49, 50, 51, 52, 53, 54]
epsilon=(2, 1, 2): 75x54, exact canonical kernel PASS, rank mod p = 53, minor determinant mod p = 463356
  minor rows (1-based): [1, 2, 4, 13, 17, 22, 31, 32, 39, 44, 46, 47, 50, 54, 61, 62, 69, 74, 19, 20, 21, 23, 33, 38, 43, 48, 51, 55, 63, 68, 73, 35, 9, 42, 12, 49, 53, 16, 65, 72, 18, 45, 11, 52, 37, 14, 56, 67, 28, 57, 24, 71, 41]
  minor columns (1-based): [1, 2, 3, 4, 5, 6, 7, 8, 9, 10, 11, 12, 13, 14, 15, 16, 17, 18, 20, 21, 22, 23, 24, 25, 26, 27, 28, 29, 30, 31, 32, 33, 34, 35, 36, 37, 38, 39, 40, 41, 42, 43, 44, 45, 46, 47, 48, 49, 50, 51, 52, 53, 54]
epsilon=(2, 2, 1): 75x54, exact canonical kernel PASS, rank mod p = 53, minor determinant mod p = 629585
  minor rows (1-based): [1, 2, 4, 13, 17, 22, 31, 32, 39, 44, 46, 47, 54, 59, 61, 62, 65, 69, 19, 20, 21, 23, 33, 38, 43, 48, 53, 58, 63, 66, 70, 35, 9, 42, 12, 50, 57, 16, 64, 68, 18, 45, 11, 52, 37, 14, 60, 67, 56, 28, 24, 41, 71]
  minor columns (1-based): [1, 2, 3, 4, 5, 6, 7, 8, 9, 10, 11, 12, 13, 14, 15, 16, 17, 18, 20, 21, 22, 23, 24, 25, 26, 27, 28, 29, 30, 31, 32, 33, 34, 35, 36, 37, 38, 39, 40, 41, 42, 43, 44, 45, 46, 47, 48, 49, 50, 51, 52, 53, 54]
epsilon=(2, 2, 2): 75x54, exact canonical kernel PASS, rank mod p = 53, minor determinant mod p = 92576
  minor rows (1-based): [1, 2, 4, 13, 17, 22, 31, 32, 39, 44, 46, 47, 54, 59, 61, 62, 69, 74, 19, 20, 21, 23, 33, 38, 43, 48, 53, 58, 63, 68, 73, 35, 9, 42, 12, 50, 57, 16, 65, 72, 18, 45, 11, 52, 37, 14, 60, 67, 56, 28, 24, 71, 41]
  minor columns (1-based): [1, 2, 3, 4, 5, 6, 7, 8, 9, 10, 11, 12, 13, 14, 15, 16, 17, 18, 20, 21, 22, 23, 24, 25, 26, 27, 28, 29, 30, 31, 32, 33, 34, 35, 36, 37, 38, 39, 40, 41, 42, 43, 44, 45, 46, 47, 48, 49, 50, 51, 52, 53, 54]
All eight rational matrices have rank exactly 53 and kernel dimension one.
